a <- 3*2
b <- 3+4

c <- 1+3
d <- 2+8